9
ship 32
0 0 22 18
34 0 22 18
68 0 22 20
102 0 22 20
136 0 20 20
170 0 18 22
200 0 20 22
234 0 18 22
264 0 18 22
294 0 18 22
324 0 20 22
358 0 18 20 
388 0 20 20
422 0 20 18
456 0 20 20 
490 0 22 18
524 0 22 18
558 0 22 18
0 32 22 20
34 32 22 18
68 32 20 20
102 32 18 22
132 32 20 22 
166 32 18 20 
196 32 18 22
226 32 18 22
256 32 22 22
290 32 20 22
324 32 20 20
358 32 22 20 
392 32 22 22
426 32 22 18
sinibomb 3
460 32 10 10
482 32 10 10 
504 32 10 10 
planetoid 13
526 32 52 52
0 94 48 48
62 94 36 36 
112 94 44 54
174 94 60 56
576 206 24 24
0 246 18 22 
30 246 18 22
60 246 18 16 
90 246 20 22 
124 246 20 18
158 246 22 18 
192 246 22 22 
worker 16
244 94 20 20
278 94 26 24
316 94 28 26
358 94 24 26
396 94 20 20 
430 94 24 26
468 94 26 28 
506 94 26 24
544 94 20 20 
578 94 26 24
0 160 28 26
42 160 24 26
80 160 20 18
114 160 24 26
152 160 26 28
190 160 26 24
warrior 1
228 160 30 34
warriorturret 8
270 160 18 10
300 160 14 14
326 160 10 18
348 160 14 14 
374 160 18 10
404 160 14 14
430 160 10 18
452 160 14 14
sinistarpiece 17
478 160 22 26
512 160 24 14
550 160 36 36
0 206 28 16
42 206 22 22
76 206 24 30 
114 206 22 22
148 206 28 26
160 206 24 26
228 206 26 26
266 206 22 18 
300 206 36 26
350 206 36 26 
400 206 36 26 
450 206 28 26
492 206 28 26
534 206 28 26 
explosion 4
226 246 46 36
284 246 48 38
346 246 50 40 
408 246 48 40
bluebox 1
470 246 26 28